material : "eut2.dif.spec.rfx" {
	texture[0] : "/vehicle/truck/upgrade/scania_113/mirror/textures/preto_fosco.tobj"
	texture_name[0] : "texture_base"
	add_ambient : 0
	aux[1] : { 0 , 0 }
	diffuse : { 0.800001 , 0.800001 , 0.800001 }
	env_factor : { 0.00400003 , 0.00400003 , 0.00400003 }
	shininess : 240
	specular : { 1.00011 , 1.00011 , 1.00011 }
}
